1.005000000000000000e+04
1.059300000000000000e+04
1.059400000000000000e+04
1.060400000000000000e+04
1.061500000000000000e+04
1.062300000000000000e+04
1.143100000000000000e+04
1.143700000000000000e+04
1.146800000000000000e+04
1.177800000000000000e+04
1.181200000000000000e+04
1.255000000000000000e+04
1.337900000000000000e+04
1.370900000000000000e+04
1.371100000000000000e+04
1.372000000000000000e+04
1.377600000000000000e+04
1.389700000000000000e+04
1.390800000000000000e+04
1.400900000000000000e+04
1.406400000000000000e+04
1.410300000000000000e+04
1.411800000000000000e+04
1.418300000000000000e+04
1.422300000000000000e+04
1.430500000000000000e+04
1.432600000000000000e+04
1.433600000000000000e+04
1.443600000000000000e+04
1.526600000000000000e+04
1.527200000000000000e+04
1.529300000000000000e+04
1.531000000000000000e+04
1.537300000000000000e+04
1.541700000000000000e+04
1.545300000000000000e+04
1.547400000000000000e+04
1.706400000000000000e+04
1.706900000000000000e+04
1.707800000000000000e+04
1.710900000000000000e+04
1.711900000000000000e+04
1.775700000000000000e+04
1.855600000000000000e+04
1.863100000000000000e+04
2.058300000000000000e+04
2.130800000000000000e+04
2.201100000000000000e+04
2.213800000000000000e+04
2.218500000000000000e+04
2.227800000000000000e+04
2.230900000000000000e+04
2.232700000000000000e+04
2.311300000000000000e+04
2.331300000000000000e+04
2.350800000000000000e+04
2.408100000000000000e+04
2.410400000000000000e+04
2.418300000000000000e+04
2.446400000000000000e+04
2.504600000000000000e+04
2.507000000000000000e+04
2.558500000000000000e+04
2.591000000000000000e+04
2.618200000000000000e+04
2.662900000000000000e+04
2.664400000000000000e+04
2.680500000000000000e+04
2.682800000000000000e+04
2.682900000000000000e+04
2.716100000000000000e+04
2.754400000000000000e+04
2.992900000000000000e+04
2.998200000000000000e+04
3.829800000000000000e+04
5.001600000000000000e+04
5.006600000000000000e+04
5.008700000000000000e+04
5.038300000000000000e+04
5.041500000000000000e+04
5.083000000000000000e+04
5.097500000000000000e+04
5.118300000000000000e+04
5.175700000000000000e+04
5.500200000000000000e+04
5.502800000000000000e+04
5.513300000000000000e+04
5.513400000000000000e+04
5.604800000000000000e+04
5.629300000000000000e+04
5.630300000000000000e+04
5.650100000000000000e+04
5.686100000000000000e+04
5.710600000000000000e+04
5.748300000000000000e+04
5.773500000000000000e+04
5.776600000000000000e+04
5.780800000000000000e+04
5.786200000000000000e+04
5.815500000000000000e+04
5.839100000000000000e+04
5.917200000000000000e+04
5.931500000000000000e+04
5.932300000000000000e+04
5.932900000000000000e+04
5.936500000000000000e+04
5.939500000000000000e+04
5.939600000000000000e+04
5.993900000000000000e+04
6.020100000000000000e+04
6.022600000000000000e+04
6.023500000000000000e+04
6.024900000000000000e+04
6.040000000000000000e+04
6.040200000000000000e+04
6.046000000000000000e+04
6.073100000000000000e+04
6.082800000000000000e+04
6.115700000000000000e+04
6.384400000000000000e+04
6.407800000000000000e+04
6.515200000000000000e+04
6.515600000000000000e+04
6.515700000000000000e+04
6.591500000000000000e+04
6.615300000000000000e+04
6.619300000000000000e+04
6.621300000000000000e+04
6.622200000000000000e+04
6.628600000000000000e+04
6.635300000000000000e+04
6.645100000000000000e+04
6.998700000000000000e+04
7.477300000000000000e+04
9.002500000000000000e+04
9.002800000000000000e+04
9.003400000000000000e+04
9.006600000000000000e+04
9.007300000000000000e+04
9.007900000000000000e+04
9.008800000000000000e+04
9.009700000000000000e+04
9.010100000000000000e+04
9.010400000000000000e+04
9.012300000000000000e+04
9.012900000000000000e+04
9.013100000000000000e+04
9.014300000000000000e+04
9.014600000000000000e+04
9.014900000000000000e+04
9.015900000000000000e+04
9.021700000000000000e+04
9.022300000000000000e+04
9.022700000000000000e+04
9.022800000000000000e+04
9.022900000000000000e+04
9.023000000000000000e+04
9.023100000000000000e+04
9.024500000000000000e+04
9.024900000000000000e+04
9.027900000000000000e+04
9.028900000000000000e+04
9.039500000000000000e+04
9.040300000000000000e+04
9.045800000000000000e+04
9.045900000000000000e+04
9.053300000000000000e+04
9.054200000000000000e+04
9.054600000000000000e+04
9.055400000000000000e+04
9.056800000000000000e+04
9.058600000000000000e+04
9.058900000000000000e+04
9.059100000000000000e+04
9.059500000000000000e+04
9.059600000000000000e+04
9.060200000000000000e+04
9.060500000000000000e+04
9.060600000000000000e+04
9.060700000000000000e+04
9.063800000000000000e+04
9.067400000000000000e+04
9.067700000000000000e+04
9.068500000000000000e+04
9.070700000000000000e+04
9.071200000000000000e+04
9.072200000000000000e+04
9.072600000000000000e+04
9.072900000000000000e+04
9.073000000000000000e+04
9.074200000000000000e+04
9.076300000000000000e+04
9.081600000000000000e+04
9.082200000000000000e+04
9.084900000000000000e+04
9.131600000000000000e+04
9.138000000000000000e+04
9.161200000000000000e+04
9.352100000000000000e+04
9.352800000000000000e+04
9.353100000000000000e+04
9.353400000000000000e+04
9.355300000000000000e+04
9.357900000000000000e+04
9.365300000000000000e+04
9.365600000000000000e+04
9.366100000000000000e+04
9.368800000000000000e+04
9.369000000000000000e+04
9.485700000000000000e+04
9.486900000000000000e+04
9.487500000000000000e+04
9.501300000000000000e+04
9.502200000000000000e+04
9.502700000000000000e+04
9.504400000000000000e+04
9.506400000000000000e+04
9.506700000000000000e+04
9.508900000000000000e+04
9.513700000000000000e+04
9.513800000000000000e+04
9.542800000000000000e+04
9.554400000000000000e+04
9.555700000000000000e+04
9.556700000000000000e+04
9.557100000000000000e+04
9.560300000000000000e+04
9.564900000000000000e+04
9.565600000000000000e+04
9.566100000000000000e+04
9.613800000000000000e+04
9.614000000000000000e+04
9.615000000000000000e+04
9.667700000000000000e+04
9.670000000000000000e+04
9.670800000000000000e+04
9.681000000000000000e+04
9.691900000000000000e+04
9.692200000000000000e+04
9.692400000000000000e+04
9.693100000000000000e+04
9.694400000000000000e+04
9.698900000000000000e+04
9.699500000000000000e+04
9.804300000000000000e+04
9.815700000000000000e+04
9.817100000000000000e+04
9.818500000000000000e+04
9.819100000000000000e+04
9.822600000000000000e+04
9.822900000000000000e+04
9.823600000000000000e+04
9.834600000000000000e+04
9.838800000000000000e+04
9.852800000000000000e+04
9.857000000000000000e+04
9.857100000000000000e+04
9.859000000000000000e+04
9.941300000000000000e+04
9.942500000000000000e+04
9.955700000000000000e+04
9.962500000000000000e+04
9.965000000000000000e+04
9.966400000000000000e+04
9.976200000000000000e+04
9.977200000000000000e+04
9.985700000000000000e+04
9.990200000000000000e+04
9.993400000000000000e+04
9.994000000000000000e+04
9.994100000000000000e+04
