1.001200000000000000e+04
1.002400000000000000e+04
1.002600000000000000e+04
1.002800000000000000e+04
1.003000000000000000e+04
1.003100000000000000e+04
1.003200000000000000e+04
1.003300000000000000e+04
1.003400000000000000e+04
1.003500000000000000e+04
1.003600000000000000e+04
1.003900000000000000e+04
1.004000000000000000e+04
1.004100000000000000e+04
1.004200000000000000e+04
1.004300000000000000e+04
1.004500000000000000e+04
1.005400000000000000e+04
1.006000000000000000e+04
1.006200000000000000e+04
1.006300000000000000e+04
1.006700000000000000e+04
1.008100000000000000e+04
1.009900000000000000e+04
1.010000000000000000e+04
1.010400000000000000e+04
1.010600000000000000e+04
1.010800000000000000e+04
1.010900000000000000e+04
1.011200000000000000e+04
1.011500000000000000e+04
1.014800000000000000e+04
1.059200000000000000e+04
1.059400000000000000e+04
1.059800000000000000e+04
1.060000000000000000e+04
1.060500000000000000e+04
1.061000000000000000e+04
1.061200000000000000e+04
1.061500000000000000e+04
1.062300000000000000e+04
1.062400000000000000e+04
1.062900000000000000e+04
1.143100000000000000e+04
1.143400000000000000e+04
1.143700000000000000e+04
1.144400000000000000e+04
1.145000000000000000e+04
1.146700000000000000e+04
1.146800000000000000e+04
1.146900000000000000e+04
1.147100000000000000e+04
1.147400000000000000e+04
1.147700000000000000e+04
1.148700000000000000e+04
1.149300000000000000e+04
1.149400000000000000e+04
1.149500000000000000e+04
1.151200000000000000e+04
1.151800000000000000e+04
1.152800000000000000e+04
1.156700000000000000e+04
1.157600000000000000e+04
1.159900000000000000e+04
1.160700000000000000e+04
1.165100000000000000e+04
1.166600000000000000e+04
1.170200000000000000e+04
1.170600000000000000e+04
1.172200000000000000e+04
1.172500000000000000e+04
1.172600000000000000e+04
1.172700000000000000e+04
1.174200000000000000e+04
1.174900000000000000e+04
1.177800000000000000e+04
1.178200000000000000e+04
1.180900000000000000e+04
1.181200000000000000e+04
1.182000000000000000e+04
1.182300000000000000e+04
1.184300000000000000e+04
1.184900000000000000e+04
1.185500000000000000e+04
1.204900000000000000e+04
1.218000000000000000e+04
1.220700000000000000e+04
1.221500000000000000e+04
1.223400000000000000e+04
1.229800000000000000e+04
1.230800000000000000e+04
1.230900000000000000e+04
1.231300000000000000e+04
1.231400000000000000e+04
1.231800000000000000e+04
1.232100000000000000e+04
1.232200000000000000e+04
1.232500000000000000e+04
1.232600000000000000e+04
1.232700000000000000e+04
1.232800000000000000e+04
1.232900000000000000e+04
1.233100000000000000e+04
1.233200000000000000e+04
1.233300000000000000e+04
1.233600000000000000e+04
1.233800000000000000e+04
1.234200000000000000e+04
1.234400000000000000e+04
1.234600000000000000e+04
1.234800000000000000e+04
1.234900000000000000e+04
1.235000000000000000e+04
1.235100000000000000e+04
1.235400000000000000e+04
1.235900000000000000e+04
1.254900000000000000e+04
1.255000000000000000e+04
1.255400000000000000e+04
1.256500000000000000e+04
1.256800000000000000e+04
1.257500000000000000e+04
1.257700000000000000e+04
1.258500000000000000e+04
1.259200000000000000e+04
1.260300000000000000e+04
1.260400000000000000e+04
1.260500000000000000e+04
1.260700000000000000e+04
1.261000000000000000e+04
1.261400000000000000e+04
1.286800000000000000e+04
1.287000000000000000e+04
1.287100000000000000e+04
1.287300000000000000e+04
1.287500000000000000e+04
1.287600000000000000e+04
1.288300000000000000e+04
1.288400000000000000e+04
1.289300000000000000e+04
1.289600000000000000e+04
1.290100000000000000e+04
1.291000000000000000e+04
1.291300000000000000e+04
1.291500000000000000e+04
1.291800000000000000e+04
1.291900000000000000e+04
1.292000000000000000e+04
1.292100000000000000e+04
1.292200000000000000e+04
1.292400000000000000e+04
1.292500000000000000e+04
1.292700000000000000e+04
1.292900000000000000e+04
1.293000000000000000e+04
1.322100000000000000e+04
1.329200000000000000e+04
1.330200000000000000e+04
1.334600000000000000e+04
1.337800000000000000e+04
1.343800000000000000e+04
1.344100000000000000e+04
1.345100000000000000e+04
1.367900000000000000e+04
1.368100000000000000e+04
1.368400000000000000e+04
1.368600000000000000e+04
1.368800000000000000e+04
1.368900000000000000e+04
1.369400000000000000e+04
1.369600000000000000e+04
1.369700000000000000e+04
1.370900000000000000e+04
1.371100000000000000e+04
1.371700000000000000e+04
1.372700000000000000e+04
1.375900000000000000e+04
1.385200000000000000e+04
1.386700000000000000e+04
1.389000000000000000e+04
1.389700000000000000e+04
1.391500000000000000e+04
1.393000000000000000e+04
1.394100000000000000e+04
1.394700000000000000e+04
1.398500000000000000e+04
1.399100000000000000e+04
1.400400000000000000e+04
1.400900000000000000e+04
1.401300000000000000e+04
1.402600000000000000e+04
1.403600000000000000e+04
1.404900000000000000e+04
1.405900000000000000e+04
1.406100000000000000e+04
1.407800000000000000e+04
1.408900000000000000e+04
1.411000000000000000e+04
1.411800000000000000e+04
1.412500000000000000e+04
1.413600000000000000e+04
1.414000000000000000e+04
1.417800000000000000e+04
1.418300000000000000e+04
1.418700000000000000e+04
1.418800000000000000e+04
1.419100000000000000e+04
1.419500000000000000e+04
1.428300000000000000e+04
1.430800000000000000e+04
1.431900000000000000e+04
1.432000000000000000e+04
1.434600000000000000e+04
1.443600000000000000e+04
1.444600000000000000e+04
1.456600000000000000e+04
1.457200000000000000e+04
1.457900000000000000e+04
1.465100000000000000e+04
1.466700000000000000e+04
1.476800000000000000e+04
1.483700000000000000e+04
1.494800000000000000e+04
1.496900000000000000e+04
1.502000000000000000e+04
1.502300000000000000e+04
1.522900000000000000e+04
1.523200000000000000e+04
1.523900000000000000e+04
1.524000000000000000e+04
1.524200000000000000e+04
1.524600000000000000e+04
1.524800000000000000e+04
1.525300000000000000e+04
1.526200000000000000e+04
1.526600000000000000e+04
1.526900000000000000e+04
1.527200000000000000e+04
1.527400000000000000e+04
1.528100000000000000e+04
1.529300000000000000e+04
1.530000000000000000e+04
1.530500000000000000e+04
1.530600000000000000e+04
1.530900000000000000e+04
1.533600000000000000e+04
1.534700000000000000e+04
1.534800000000000000e+04
1.535200000000000000e+04
1.535600000000000000e+04
1.535700000000000000e+04
1.538800000000000000e+04
1.539200000000000000e+04
1.539600000000000000e+04
1.540000000000000000e+04
1.541300000000000000e+04
1.541700000000000000e+04
1.542300000000000000e+04
1.543400000000000000e+04
1.543900000000000000e+04
1.544000000000000000e+04
1.544100000000000000e+04
1.544200000000000000e+04
1.544900000000000000e+04
1.545300000000000000e+04
1.550200000000000000e+04
1.550800000000000000e+04
1.553500000000000000e+04
1.554700000000000000e+04
1.596300000000000000e+04
1.607800000000000000e+04
1.611900000000000000e+04
1.675100000000000000e+04
1.683900000000000000e+04
1.706400000000000000e+04
1.706600000000000000e+04
1.706900000000000000e+04
1.707000000000000000e+04
1.707800000000000000e+04
1.708000000000000000e+04
1.709400000000000000e+04
1.710400000000000000e+04
1.710900000000000000e+04
1.711100000000000000e+04
1.711900000000000000e+04
1.712000000000000000e+04
1.712300000000000000e+04
1.712700000000000000e+04
1.713600000000000000e+04
1.715200000000000000e+04
1.715900000000000000e+04
1.717000000000000000e+04
1.717400000000000000e+04
1.717700000000000000e+04
1.718800000000000000e+04
1.725400000000000000e+04
1.726400000000000000e+04
1.729700000000000000e+04
1.730300000000000000e+04
1.740600000000000000e+04
1.741700000000000000e+04
1.743000000000000000e+04
1.750300000000000000e+04
1.750600000000000000e+04
1.751100000000000000e+04
1.751700000000000000e+04
1.753300000000000000e+04
1.754500000000000000e+04
1.772500000000000000e+04
1.773100000000000000e+04
1.774300000000000000e+04
1.774900000000000000e+04
1.775000000000000000e+04
1.775600000000000000e+04
1.775700000000000000e+04
1.777600000000000000e+04
1.778000000000000000e+04
1.779900000000000000e+04
1.780700000000000000e+04
1.781000000000000000e+04
1.781200000000000000e+04
1.781300000000000000e+04
1.783000000000000000e+04
1.784500000000000000e+04
1.785600000000000000e+04
1.786300000000000000e+04
1.787800000000000000e+04
1.788000000000000000e+04
1.790600000000000000e+04
1.791200000000000000e+04
1.791500000000000000e+04
1.791600000000000000e+04
1.794500000000000000e+04
1.794800000000000000e+04
1.795900000000000000e+04
1.827200000000000000e+04
1.829200000000000000e+04
1.835000000000000000e+04
1.853100000000000000e+04
1.855500000000000000e+04
1.855600000000000000e+04
1.855900000000000000e+04
1.857000000000000000e+04
1.857700000000000000e+04
1.858900000000000000e+04
1.859800000000000000e+04
1.860400000000000000e+04
1.860700000000000000e+04
1.861400000000000000e+04
1.861600000000000000e+04
1.863100000000000000e+04
1.863600000000000000e+04
1.864200000000000000e+04
1.865000000000000000e+04
1.866300000000000000e+04
1.868300000000000000e+04
1.868700000000000000e+04
1.869100000000000000e+04
1.870800000000000000e+04
1.914100000000000000e+04
1.954900000000000000e+04
1.955000000000000000e+04
1.955800000000000000e+04
1.956600000000000000e+04
1.957900000000000000e+04
1.959100000000000000e+04
1.961200000000000000e+04
1.961400000000000000e+04
1.963000000000000000e+04
2.007000000000000000e+04
2.048900000000000000e+04
2.050000000000000000e+04
2.050800000000000000e+04
2.051100000000000000e+04
2.056800000000000000e+04
2.058300000000000000e+04
2.060100000000000000e+04
2.086400000000000000e+04
2.086700000000000000e+04
2.088000000000000000e+04
2.089500000000000000e+04
2.089800000000000000e+04
2.090400000000000000e+04
2.094100000000000000e+04
2.097800000000000000e+04
2.098900000000000000e+04
2.100700000000000000e+04
2.101300000000000000e+04
2.102800000000000000e+04
2.104100000000000000e+04
2.104900000000000000e+04
2.105000000000000000e+04
2.106900000000000000e+04
2.111300000000000000e+04
2.111400000000000000e+04
2.130000000000000000e+04
2.130800000000000000e+04
2.132300000000000000e+04
2.132600000000000000e+04
2.132900000000000000e+04
2.134900000000000000e+04
2.137100000000000000e+04
2.152000000000000000e+04
2.182300000000000000e+04
2.183000000000000000e+04
2.201000000000000000e+04
2.201100000000000000e+04
2.202300000000000000e+04
2.202900000000000000e+04
2.204300000000000000e+04
2.208700000000000000e+04
2.209900000000000000e+04
2.213800000000000000e+04
2.216000000000000000e+04
2.217600000000000000e+04
2.217900000000000000e+04
2.218500000000000000e+04
2.218600000000000000e+04
2.219900000000000000e+04
2.226300000000000000e+04
2.227300000000000000e+04
2.227900000000000000e+04
2.228300000000000000e+04
2.228600000000000000e+04
2.228800000000000000e+04
2.229100000000000000e+04
2.230800000000000000e+04
2.232500000000000000e+04
2.232700000000000000e+04
2.232900000000000000e+04
2.233000000000000000e+04
2.251400000000000000e+04
2.251700000000000000e+04
2.263000000000000000e+04
2.263400000000000000e+04
2.263700000000000000e+04
2.264800000000000000e+04
2.264900000000000000e+04
2.265300000000000000e+04
2.265600000000000000e+04
2.266100000000000000e+04
2.290400000000000000e+04
2.291300000000000000e+04
2.295000000000000000e+04
2.295200000000000000e+04
2.296200000000000000e+04
2.297100000000000000e+04
2.297300000000000000e+04
2.297400000000000000e+04
2.301300000000000000e+04
2.301800000000000000e+04
2.302700000000000000e+04
2.303800000000000000e+04
2.304700000000000000e+04
2.304800000000000000e+04
2.305000000000000000e+04
2.306600000000000000e+04
2.309100000000000000e+04
2.310900000000000000e+04
2.311300000000000000e+04
2.311600000000000000e+04
2.312200000000000000e+04
2.312300000000000000e+04
2.312900000000000000e+04
2.313100000000000000e+04
2.313200000000000000e+04
2.322700000000000000e+04
2.323000000000000000e+04
2.323300000000000000e+04
2.323800000000000000e+04
2.323900000000000000e+04
2.324000000000000000e+04
2.326400000000000000e+04
2.329000000000000000e+04
2.330000000000000000e+04
2.330400000000000000e+04
2.330800000000000000e+04
2.331300000000000000e+04
2.332100000000000000e+04
2.332300000000000000e+04
2.347300000000000000e+04
2.350100000000000000e+04
2.350200000000000000e+04
2.350800000000000000e+04
2.350900000000000000e+04
2.351300000000000000e+04
2.353400000000000000e+04
2.362200000000000000e+04
2.362400000000000000e+04
2.362600000000000000e+04
2.363600000000000000e+04
2.364400000000000000e+04
2.364600000000000000e+04
2.365800000000000000e+04
2.367300000000000000e+04
2.367600000000000000e+04
2.367700000000000000e+04
2.384400000000000000e+04
2.388800000000000000e+04
2.389100000000000000e+04
2.390200000000000000e+04
2.392300000000000000e+04
2.393000000000000000e+04
2.394000000000000000e+04
2.394500000000000000e+04
2.395100000000000000e+04
2.396100000000000000e+04
2.397100000000000000e+04
2.399200000000000000e+04
2.405900000000000000e+04
2.406600000000000000e+04
2.408100000000000000e+04
2.409000000000000000e+04
2.411200000000000000e+04
2.411500000000000000e+04
2.411900000000000000e+04
2.412600000000000000e+04
2.413300000000000000e+04
2.416100000000000000e+04
2.417300000000000000e+04
2.418300000000000000e+04
2.418800000000000000e+04
2.419200000000000000e+04
2.419600000000000000e+04
2.421300000000000000e+04
2.421900000000000000e+04
2.423000000000000000e+04
2.424200000000000000e+04
2.428100000000000000e+04
2.429000000000000000e+04
2.446700000000000000e+04
2.449800000000000000e+04
2.452400000000000000e+04
2.452700000000000000e+04
2.453700000000000000e+04
2.454000000000000000e+04
2.454500000000000000e+04
2.456000000000000000e+04
2.456900000000000000e+04
2.457800000000000000e+04
2.458000000000000000e+04
2.458600000000000000e+04
2.460500000000000000e+04
2.461400000000000000e+04
2.463400000000000000e+04
2.500900000000000000e+04
2.501200000000000000e+04
2.501800000000000000e+04
2.504600000000000000e+04
2.504700000000000000e+04
2.505600000000000000e+04
2.507400000000000000e+04
2.508000000000000000e+04
2.508600000000000000e+04
2.508700000000000000e+04
2.509400000000000000e+04
2.511300000000000000e+04
2.511700000000000000e+04
2.512800000000000000e+04
2.513300000000000000e+04
2.555500000000000000e+04
2.555900000000000000e+04
2.557500000000000000e+04
2.557600000000000000e+04
2.557800000000000000e+04
2.558400000000000000e+04
2.558500000000000000e+04
2.558800000000000000e+04
2.559500000000000000e+04
2.560200000000000000e+04
2.560300000000000000e+04
2.565100000000000000e+04
2.571900000000000000e+04
2.576300000000000000e+04
2.577800000000000000e+04
2.581800000000000000e+04
2.582900000000000000e+04
2.585600000000000000e+04
2.586200000000000000e+04
2.587100000000000000e+04
2.587700000000000000e+04
2.589300000000000000e+04
2.590700000000000000e+04
2.590800000000000000e+04
2.591000000000000000e+04
2.592700000000000000e+04
2.594700000000000000e+04
2.594900000000000000e+04
2.595900000000000000e+04
2.596300000000000000e+04
2.597000000000000000e+04
2.597100000000000000e+04
2.598000000000000000e+04
2.598800000000000000e+04
2.598900000000000000e+04
2.599000000000000000e+04
2.600500000000000000e+04
2.601700000000000000e+04
2.602000000000000000e+04
2.602600000000000000e+04
2.602900000000000000e+04
2.605400000000000000e+04
2.606100000000000000e+04
2.617900000000000000e+04
2.618100000000000000e+04
2.618200000000000000e+04
2.620100000000000000e+04
2.621100000000000000e+04
2.621900000000000000e+04
2.622800000000000000e+04
2.623000000000000000e+04
2.629800000000000000e+04
2.630000000000000000e+04
2.630400000000000000e+04
2.631200000000000000e+04
2.631600000000000000e+04
2.631900000000000000e+04
2.632400000000000000e+04
2.633400000000000000e+04
2.635900000000000000e+04
2.662200000000000000e+04
2.662800000000000000e+04
2.662900000000000000e+04
2.663500000000000000e+04
2.664000000000000000e+04
2.664100000000000000e+04
2.664400000000000000e+04
2.665000000000000000e+04
2.669600000000000000e+04
2.678900000000000000e+04
2.680500000000000000e+04
2.682800000000000000e+04
2.683000000000000000e+04
2.683900000000000000e+04
2.684700000000000000e+04
2.685800000000000000e+04
2.700100000000000000e+04
2.703200000000000000e+04
2.713800000000000000e+04
2.714300000000000000e+04
2.714500000000000000e+04
2.715500000000000000e+04
2.715600000000000000e+04
2.716500000000000000e+04
2.717300000000000000e+04
2.717400000000000000e+04
2.717900000000000000e+04
2.718300000000000000e+04
2.719300000000000000e+04
2.719500000000000000e+04
2.720400000000000000e+04
2.721500000000000000e+04
2.726100000000000000e+04
2.727400000000000000e+04
2.729900000000000000e+04
2.733800000000000000e+04
2.734400000000000000e+04
2.734600000000000000e+04
2.738300000000000000e+04
2.738900000000000000e+04
2.739200000000000000e+04
2.739900000000000000e+04
2.740900000000000000e+04
2.741200000000000000e+04
2.742100000000000000e+04
2.744600000000000000e+04
2.744700000000000000e+04
2.752500000000000000e+04
2.754400000000000000e+04
2.754700000000000000e+04
2.755000000000000000e+04
2.756500000000000000e+04
2.756800000000000000e+04
2.757500000000000000e+04
2.758100000000000000e+04
2.758300000000000000e+04
2.758700000000000000e+04
2.759400000000000000e+04
2.759500000000000000e+04
2.760100000000000000e+04
2.760900000000000000e+04
2.761600000000000000e+04
2.762200000000000000e+04
2.776700000000000000e+04
2.777300000000000000e+04
2.778000000000000000e+04
2.781700000000000000e+04
2.782100000000000000e+04
2.783000000000000000e+04
2.784000000000000000e+04
2.787800000000000000e+04
2.790300000000000000e+04
2.802700000000000000e+04
2.809900000000000000e+04
2.818900000000000000e+04
2.984400000000000000e+04
2.984700000000000000e+04
2.985100000000000000e+04
2.985500000000000000e+04
2.985700000000000000e+04
2.985900000000000000e+04
2.986700000000000000e+04
2.988800000000000000e+04
2.988900000000000000e+04
2.991500000000000000e+04
2.991800000000000000e+04
2.992100000000000000e+04
2.992400000000000000e+04
2.992900000000000000e+04
3.006000000000000000e+04
3.056400000000000000e+04
3.150500000000000000e+04
3.321200000000000000e+04
3.331700000000000000e+04
3.349700000000000000e+04
3.691300000000000000e+04
3.703300000000000000e+04
3.781400000000000000e+04
3.805200000000000000e+04
3.829800000000000000e+04
5.006600000000000000e+04
5.006900000000000000e+04
5.007600000000000000e+04
5.008700000000000000e+04
5.011200000000000000e+04
5.013200000000000000e+04
5.013700000000000000e+04
5.014100000000000000e+04
5.015400000000000000e+04
5.015700000000000000e+04
5.017200000000000000e+04
5.021800000000000000e+04
5.025200000000000000e+04
5.034500000000000000e+04
5.034700000000000000e+04
5.037600000000000000e+04
5.038300000000000000e+04
5.040400000000000000e+04
5.040700000000000000e+04
5.042400000000000000e+04
5.043700000000000000e+04
5.045800000000000000e+04
5.045900000000000000e+04
5.046100000000000000e+04
5.046600000000000000e+04
5.048200000000000000e+04
5.048700000000000000e+04
5.059400000000000000e+04
5.059700000000000000e+04
5.061800000000000000e+04
5.062800000000000000e+04
5.063400000000000000e+04
5.064200000000000000e+04
5.066100000000000000e+04
5.068900000000000000e+04
5.069200000000000000e+04
5.072700000000000000e+04
5.072800000000000000e+04
5.078100000000000000e+04
5.080700000000000000e+04
5.082000000000000000e+04
5.083600000000000000e+04
5.084500000000000000e+04
5.091500000000000000e+04
5.096200000000000000e+04
5.097500000000000000e+04
5.098700000000000000e+04
5.098800000000000000e+04
5.105900000000000000e+04
5.109500000000000000e+04
5.111200000000000000e+04
5.113400000000000000e+04
5.113800000000000000e+04
5.119300000000000000e+04
5.122400000000000000e+04
5.126400000000000000e+04
5.137900000000000000e+04
5.152100000000000000e+04
5.153800000000000000e+04
5.154200000000000000e+04
5.159300000000000000e+04
5.175600000000000000e+04
5.191700000000000000e+04
5.192100000000000000e+04
5.192600000000000000e+04
5.193700000000000000e+04
5.194100000000000000e+04
5.198300000000000000e+04
5.200200000000000000e+04
5.205300000000000000e+04
5.205400000000000000e+04
5.206700000000000000e+04
5.207100000000000000e+04
5.208300000000000000e+04
5.208800000000000000e+04
5.209100000000000000e+04
5.209700000000000000e+04
5.210000000000000000e+04
5.210600000000000000e+04
5.210900000000000000e+04
5.211200000000000000e+04
5.213600000000000000e+04
5.214000000000000000e+04
5.217700000000000000e+04
5.217800000000000000e+04
5.218800000000000000e+04
5.219500000000000000e+04
5.219700000000000000e+04
5.220500000000000000e+04
5.221300000000000000e+04
5.221700000000000000e+04
5.239200000000000000e+04
5.240300000000000000e+04
5.243400000000000000e+04
5.299000000000000000e+04
5.299800000000000000e+04
5.326900000000000000e+04
5.327200000000000000e+04
5.327600000000000000e+04
5.328000000000000000e+04
5.328500000000000000e+04
5.333000000000000000e+04
5.333200000000000000e+04
5.334700000000000000e+04
5.335100000000000000e+04
5.335300000000000000e+04
5.335800000000000000e+04
5.338900000000000000e+04
5.366000000000000000e+04
5.400100000000000000e+04
5.401200000000000000e+04
5.401300000000000000e+04
5.401600000000000000e+04
5.402100000000000000e+04
5.402400000000000000e+04
5.402500000000000000e+04
5.405400000000000000e+04
5.405800000000000000e+04
5.406600000000000000e+04
5.450800000000000000e+04
5.500000000000000000e+04
5.500200000000000000e+04
5.501000000000000000e+04
5.501100000000000000e+04
5.501300000000000000e+04
5.501800000000000000e+04
5.502800000000000000e+04
5.503200000000000000e+04
5.503400000000000000e+04
5.504600000000000000e+04
5.504700000000000000e+04
5.505100000000000000e+04
5.505600000000000000e+04
5.506200000000000000e+04
5.506400000000000000e+04
5.506800000000000000e+04
5.507400000000000000e+04
5.507600000000000000e+04
5.507900000000000000e+04
5.509800000000000000e+04
5.510100000000000000e+04
5.511200000000000000e+04
5.512500000000000000e+04
5.513300000000000000e+04
5.526100000000000000e+04
5.552300000000000000e+04
5.553800000000000000e+04
5.601000000000000000e+04
5.601700000000000000e+04
5.602300000000000000e+04
5.603000000000000000e+04
5.604000000000000000e+04
5.604600000000000000e+04
5.604800000000000000e+04
5.605600000000000000e+04
5.606900000000000000e+04
5.608400000000000000e+04
5.609400000000000000e+04
5.609600000000000000e+04
5.609900000000000000e+04
5.625100000000000000e+04
5.625400000000000000e+04
5.626100000000000000e+04
5.626200000000000000e+04
5.626400000000000000e+04
5.627100000000000000e+04
5.627700000000000000e+04
5.627900000000000000e+04
5.628600000000000000e+04
5.628800000000000000e+04
5.629300000000000000e+04
5.629800000000000000e+04
5.630000000000000000e+04
5.630200000000000000e+04
5.630300000000000000e+04
5.631100000000000000e+04
5.632100000000000000e+04
5.632200000000000000e+04
5.650100000000000000e+04
5.658700000000000000e+04
5.659200000000000000e+04
5.661100000000000000e+04
5.679200000000000000e+04
5.680300000000000000e+04
5.686100000000000000e+04
5.688900000000000000e+04
5.704500000000000000e+04
5.706100000000000000e+04
5.708800000000000000e+04
5.708900000000000000e+04
5.709100000000000000e+04
5.709700000000000000e+04
5.709900000000000000e+04
5.710400000000000000e+04
5.710600000000000000e+04
5.711000000000000000e+04
5.711700000000000000e+04
5.711900000000000000e+04
5.712900000000000000e+04
5.715100000000000000e+04
5.715800000000000000e+04
5.717000000000000000e+04
5.718500000000000000e+04
5.719000000000000000e+04
5.719300000000000000e+04
5.719400000000000000e+04
5.722100000000000000e+04
5.723700000000000000e+04
5.724100000000000000e+04
5.744400000000000000e+04
5.744600000000000000e+04
5.744800000000000000e+04
5.745500000000000000e+04
5.746600000000000000e+04
5.746900000000000000e+04
5.747200000000000000e+04
5.747900000000000000e+04
5.748300000000000000e+04
5.749000000000000000e+04
5.749800000000000000e+04
5.771900000000000000e+04
5.773000000000000000e+04
5.773500000000000000e+04
5.774400000000000000e+04
5.774700000000000000e+04
5.776100000000000000e+04
5.778200000000000000e+04
5.778600000000000000e+04
5.780300000000000000e+04
5.780600000000000000e+04
5.780700000000000000e+04
5.780800000000000000e+04
5.781500000000000000e+04
5.782100000000000000e+04
5.782300000000000000e+04
5.785800000000000000e+04
5.786200000000000000e+04
5.787200000000000000e+04
5.791800000000000000e+04
5.793100000000000000e+04
5.802100000000000000e+04
5.804200000000000000e+04
5.804800000000000000e+04
5.807300000000000000e+04
5.815500000000000000e+04
5.816200000000000000e+04
5.816700000000000000e+04
5.817700000000000000e+04
5.823100000000000000e+04
5.829400000000000000e+04
5.831300000000000000e+04
5.831400000000000000e+04
5.836900000000000000e+04
5.839100000000000000e+04
5.846900000000000000e+04
5.866300000000000000e+04
5.895600000000000000e+04
5.895700000000000000e+04
5.895800000000000000e+04
5.896100000000000000e+04
5.896200000000000000e+04
5.897500000000000000e+04
5.897700000000000000e+04
5.898100000000000000e+04
5.898600000000000000e+04
5.900900000000000000e+04
5.901600000000000000e+04
5.901900000000000000e+04
5.902800000000000000e+04
5.917700000000000000e+04
5.918200000000000000e+04
5.929900000000000000e+04
5.931500000000000000e+04
5.932900000000000000e+04
5.933100000000000000e+04
5.935600000000000000e+04
5.936500000000000000e+04
5.936800000000000000e+04
5.938100000000000000e+04
5.993900000000000000e+04
6.002400000000000000e+04
6.007700000000000000e+04
6.020100000000000000e+04
6.023300000000000000e+04
6.024900000000000000e+04
6.027300000000000000e+04
6.030800000000000000e+04
6.030900000000000000e+04
6.032100000000000000e+04
6.040200000000000000e+04
6.043100000000000000e+04
6.043700000000000000e+04
6.045200000000000000e+04
6.046000000000000000e+04
6.046100000000000000e+04
6.056900000000000000e+04
6.057400000000000000e+04
6.058300000000000000e+04
6.062200000000000000e+04
6.073100000000000000e+04
6.074900000000000000e+04
6.082300000000000000e+04
6.082800000000000000e+04
6.115700000000000000e+04
6.130300000000000000e+04
6.157400000000000000e+04
6.159400000000000000e+04
6.167200000000000000e+04
6.170900000000000000e+04
6.239700000000000000e+04
6.241600000000000000e+04
6.242800000000000000e+04
6.247200000000000000e+04
6.247500000000000000e+04
6.261600000000000000e+04
6.287900000000000000e+04
6.338500000000000000e+04
6.341300000000000000e+04
6.342600000000000000e+04
6.343000000000000000e+04
6.343700000000000000e+04
6.376300000000000000e+04
6.380800000000000000e+04
6.389200000000000000e+04
6.390000000000000000e+04
6.390400000000000000e+04
6.395200000000000000e+04
6.398000000000000000e+04
6.402000000000000000e+04
6.407100000000000000e+04
6.407500000000000000e+04
6.407800000000000000e+04
6.408500000000000000e+04
6.410600000000000000e+04
6.410900000000000000e+04
6.411700000000000000e+04
6.412000000000000000e+04
6.412200000000000000e+04
6.413900000000000000e+04
6.414100000000000000e+04
6.415000000000000000e+04
6.415400000000000000e+04
6.415900000000000000e+04
6.416100000000000000e+04
6.416300000000000000e+04
6.417200000000000000e+04
6.432000000000000000e+04
6.443600000000000000e+04
6.500300000000000000e+04
6.500700000000000000e+04
6.501200000000000000e+04
6.502700000000000000e+04
6.502800000000000000e+04
6.503200000000000000e+04
6.503300000000000000e+04
6.503500000000000000e+04
6.503800000000000000e+04
6.504300000000000000e+04
6.506000000000000000e+04
6.506100000000000000e+04
6.506700000000000000e+04
6.507800000000000000e+04
6.508200000000000000e+04
6.508300000000000000e+04
6.508400000000000000e+04
6.508700000000000000e+04
6.508800000000000000e+04
6.509300000000000000e+04
6.511800000000000000e+04
6.512200000000000000e+04
6.513400000000000000e+04
6.514300000000000000e+04
6.515200000000000000e+04
6.515600000000000000e+04
6.516000000000000000e+04
6.516100000000000000e+04
6.516200000000000000e+04
6.516700000000000000e+04
6.516800000000000000e+04
6.516900000000000000e+04
6.519700000000000000e+04
6.521200000000000000e+04
6.521300000000000000e+04
6.521400000000000000e+04
6.521700000000000000e+04
6.521800000000000000e+04
6.522400000000000000e+04
6.523600000000000000e+04
6.523900000000000000e+04
6.524200000000000000e+04
6.524300000000000000e+04
6.527600000000000000e+04
6.550900000000000000e+04
6.557500000000000000e+04
6.562300000000000000e+04
6.573600000000000000e+04
6.577400000000000000e+04
6.579200000000000000e+04
6.580100000000000000e+04
6.581200000000000000e+04
6.582800000000000000e+04
6.582900000000000000e+04
6.592100000000000000e+04
6.592300000000000000e+04
6.602800000000000000e+04
6.607200000000000000e+04
6.607700000000000000e+04
6.609700000000000000e+04
6.613200000000000000e+04
6.613700000000000000e+04
6.613800000000000000e+04
6.615500000000000000e+04
6.616800000000000000e+04
6.618900000000000000e+04
6.619000000000000000e+04
6.619300000000000000e+04
6.621300000000000000e+04
6.622200000000000000e+04
6.623300000000000000e+04
6.624200000000000000e+04
6.626300000000000000e+04
6.626900000000000000e+04
6.628600000000000000e+04
6.630300000000000000e+04
6.631000000000000000e+04
6.632300000000000000e+04
6.635500000000000000e+04
6.635900000000000000e+04
6.636900000000000000e+04
6.641800000000000000e+04
6.641900000000000000e+04
6.642100000000000000e+04
6.645100000000000000e+04
6.646300000000000000e+04
6.646700000000000000e+04
6.660000000000000000e+04
6.665400000000000000e+04
6.669100000000000000e+04
6.669600000000000000e+04
6.670200000000000000e+04
6.670700000000000000e+04
6.675100000000000000e+04
6.681300000000000000e+04
6.681500000000000000e+04
6.691400000000000000e+04
6.702000000000000000e+04
6.704600000000000000e+04
6.726600000000000000e+04
6.736100000000000000e+04
6.747900000000000000e+04
6.930100000000000000e+04
6.930300000000000000e+04
6.990700000000000000e+04
6.992000000000000000e+04
6.993300000000000000e+04
6.999600000000000000e+04
7.011200000000000000e+04
7.022000000000000000e+04
7.023400000000000000e+04
7.023800000000000000e+04
7.025900000000000000e+04
7.026200000000000000e+04
7.026400000000000000e+04
7.026600000000000000e+04
7.026700000000000000e+04
7.026800000000000000e+04
7.028100000000000000e+04
7.029000000000000000e+04
7.029200000000000000e+04
7.029400000000000000e+04
7.029900000000000000e+04
7.030400000000000000e+04
7.036000000000000000e+04
7.044800000000000000e+04
7.046700000000000000e+04
7.046800000000000000e+04
7.052100000000000000e+04
7.055100000000000000e+04
7.059100000000000000e+04
7.059500000000000000e+04
7.067100000000000000e+04
7.072900000000000000e+04
7.079400000000000000e+04
7.085900000000000000e+04
7.126400000000000000e+04
7.136900000000000000e+04
7.150400000000000000e+04
7.159600000000000000e+04
7.165200000000000000e+04
7.167600000000000000e+04
7.172400000000000000e+04
7.184200000000000000e+04
7.186100000000000000e+04
7.192200000000000000e+04
7.213600000000000000e+04
7.229300000000000000e+04
7.324300000000000000e+04
7.345600000000000000e+04
7.345900000000000000e+04
7.376400000000000000e+04
7.383600000000000000e+04
7.384800000000000000e+04
7.401300000000000000e+04
7.406900000000000000e+04
7.408500000000000000e+04
7.408800000000000000e+04
7.413100000000000000e+04
7.414100000000000000e+04
7.415400000000000000e+04
7.419800000000000000e+04
7.423200000000000000e+04
7.446700000000000000e+04
7.451800000000000000e+04
7.451900000000000000e+04
7.452000000000000000e+04
7.452100000000000000e+04
7.454800000000000000e+04
7.472700000000000000e+04
7.477200000000000000e+04
7.477300000000000000e+04
7.479200000000000000e+04
7.500500000000000000e+04
7.500600000000000000e+04
7.501200000000000000e+04
7.501400000000000000e+04
7.501700000000000000e+04
7.504400000000000000e+04
7.505400000000000000e+04
7.507600000000000000e+04
7.508200000000000000e+04
7.511900000000000000e+04
7.512900000000000000e+04
7.557700000000000000e+04
7.579800000000000000e+04
7.580300000000000000e+04
7.586800000000000000e+04
7.593300000000000000e+04
7.596200000000000000e+04
7.600800000000000000e+04
7.600900000000000000e+04
7.601000000000000000e+04
7.601100000000000000e+04
7.603100000000000000e+04
7.605200000000000000e+04
7.606000000000000000e+04
7.606500000000000000e+04
7.612300000000000000e+04
7.612800000000000000e+04
7.613300000000000000e+04
7.613400000000000000e+04
7.613500000000000000e+04
7.614900000000000000e+04
7.620600000000000000e+04
7.621700000000000000e+04
7.622200000000000000e+04
7.622600000000000000e+04
7.625100000000000000e+04
7.627000000000000000e+04
7.627300000000000000e+04
7.629700000000000000e+04
7.629900000000000000e+04
7.630200000000000000e+04
7.636400000000000000e+04
7.645300000000000000e+04
7.655600000000000000e+04
7.658000000000000000e+04
7.658700000000000000e+04
7.660200000000000000e+04
7.660400000000000000e+04
7.676800000000000000e+04
7.692600000000000000e+04
7.693800000000000000e+04
7.750000000000000000e+04
7.774200000000000000e+04
7.776700000000000000e+04
7.778900000000000000e+04
7.786400000000000000e+04
7.787200000000000000e+04
7.789900000000000000e+04
7.791100000000000000e+04
7.792300000000000000e+04
7.793200000000000000e+04
7.800100000000000000e+04
7.809800000000000000e+04
7.823000000000000000e+04
7.848000000000000000e+04
7.849100000000000000e+04
7.851700000000000000e+04
7.852500000000000000e+04
7.858700000000000000e+04
7.890800000000000000e+04
7.895200000000000000e+04
7.895400000000000000e+04
7.895600000000000000e+04
7.895800000000000000e+04
7.896000000000000000e+04
7.939700000000000000e+04
7.951200000000000000e+04
7.953700000000000000e+04
7.960000000000000000e+04
9.001700000000000000e+04
9.002700000000000000e+04
9.002800000000000000e+04
9.003400000000000000e+04
9.003700000000000000e+04
9.003900000000000000e+04
9.004400000000000000e+04
9.005300000000000000e+04
9.005600000000000000e+04
9.006500000000000000e+04
9.007200000000000000e+04
9.007300000000000000e+04
9.007700000000000000e+04
9.007900000000000000e+04
9.008000000000000000e+04
9.009000000000000000e+04
9.009200000000000000e+04
9.009300000000000000e+04
9.009700000000000000e+04
9.009800000000000000e+04
9.010400000000000000e+04
9.011300000000000000e+04
9.011400000000000000e+04
9.013100000000000000e+04
9.014300000000000000e+04
9.014400000000000000e+04
9.015000000000000000e+04
9.015900000000000000e+04
9.016300000000000000e+04
9.016400000000000000e+04
9.016900000000000000e+04
9.017200000000000000e+04
9.019700000000000000e+04
9.020800000000000000e+04
9.021700000000000000e+04
9.022900000000000000e+04
9.023700000000000000e+04
9.024000000000000000e+04
9.024900000000000000e+04
9.026300000000000000e+04
9.026700000000000000e+04
9.026900000000000000e+04
9.027100000000000000e+04
9.027900000000000000e+04
9.028900000000000000e+04
9.029700000000000000e+04
9.029900000000000000e+04
9.030500000000000000e+04
9.036000000000000000e+04
9.038700000000000000e+04
9.038900000000000000e+04
9.039200000000000000e+04
9.039500000000000000e+04
9.039900000000000000e+04
9.040300000000000000e+04
9.041400000000000000e+04
9.042200000000000000e+04
9.042500000000000000e+04
9.043200000000000000e+04
9.044900000000000000e+04
9.045100000000000000e+04
9.045600000000000000e+04
9.045800000000000000e+04
9.045900000000000000e+04
9.046900000000000000e+04
9.047800000000000000e+04
9.053300000000000000e+04
9.053600000000000000e+04
9.054400000000000000e+04
9.054500000000000000e+04
9.054600000000000000e+04
9.055000000000000000e+04
9.055400000000000000e+04
9.055700000000000000e+04
9.056800000000000000e+04
9.057500000000000000e+04
9.058900000000000000e+04
9.059000000000000000e+04
9.059500000000000000e+04
9.059600000000000000e+04
9.060000000000000000e+04
9.060100000000000000e+04
9.060200000000000000e+04
9.060700000000000000e+04
9.061000000000000000e+04
9.061700000000000000e+04
9.063200000000000000e+04
9.063800000000000000e+04
9.063900000000000000e+04
9.064600000000000000e+04
9.064900000000000000e+04
9.065200000000000000e+04
9.067000000000000000e+04
9.067400000000000000e+04
9.067700000000000000e+04
9.069400000000000000e+04
9.070700000000000000e+04
9.071200000000000000e+04
9.072300000000000000e+04
9.072600000000000000e+04
9.074200000000000000e+04
9.074600000000000000e+04
9.074900000000000000e+04
9.075700000000000000e+04
9.076100000000000000e+04
9.076800000000000000e+04
9.078300000000000000e+04
9.078500000000000000e+04
9.079300000000000000e+04
9.079600000000000000e+04
9.080100000000000000e+04
9.081600000000000000e+04
9.082200000000000000e+04
9.084900000000000000e+04
9.085400000000000000e+04
9.110900000000000000e+04
9.112400000000000000e+04
9.114100000000000000e+04
9.131100000000000000e+04
9.131600000000000000e+04
9.132300000000000000e+04
9.132400000000000000e+04
9.135600000000000000e+04
9.136200000000000000e+04
9.138500000000000000e+04
9.149200000000000000e+04
9.153100000000000000e+04
9.161100000000000000e+04
9.161200000000000000e+04
9.161600000000000000e+04
9.161700000000000000e+04
9.163300000000000000e+04
9.168100000000000000e+04
9.172700000000000000e+04
9.180000000000000000e+04
9.303100000000000000e+04
9.321600000000000000e+04
9.329200000000000000e+04
9.344600000000000000e+04
9.349000000000000000e+04
9.350200000000000000e+04
9.350600000000000000e+04
9.350900000000000000e+04
9.351200000000000000e+04
9.351500000000000000e+04
9.351600000000000000e+04
9.351800000000000000e+04
9.352300000000000000e+04
9.352800000000000000e+04
9.352900000000000000e+04
9.353100000000000000e+04
9.353400000000000000e+04
9.354200000000000000e+04
9.354300000000000000e+04
9.354800000000000000e+04
9.355100000000000000e+04
9.355300000000000000e+04
9.355400000000000000e+04
9.356900000000000000e+04
9.357000000000000000e+04
9.357500000000000000e+04
9.357600000000000000e+04
9.358100000000000000e+04
9.358300000000000000e+04
9.358400000000000000e+04
9.359000000000000000e+04
9.359200000000000000e+04
9.359300000000000000e+04
9.359400000000000000e+04
9.359600000000000000e+04
9.359900000000000000e+04
9.361400000000000000e+04
9.361700000000000000e+04
9.365300000000000000e+04
9.366100000000000000e+04
9.367900000000000000e+04
9.368600000000000000e+04
9.368800000000000000e+04
9.369000000000000000e+04
9.369100000000000000e+04
9.370800000000000000e+04
9.370900000000000000e+04
9.379200000000000000e+04
9.379300000000000000e+04
9.379400000000000000e+04
9.379500000000000000e+04
9.380500000000000000e+04
9.380800000000000000e+04
9.381400000000000000e+04
9.408500000000000000e+04
9.456200000000000000e+04
9.462500000000000000e+04
9.463100000000000000e+04
9.478000000000000000e+04
9.485400000000000000e+04
9.485700000000000000e+04
9.492300000000000000e+04
9.499400000000000000e+04
9.499600000000000000e+04
9.501100000000000000e+04
9.501300000000000000e+04
9.501800000000000000e+04
9.502000000000000000e+04
9.502100000000000000e+04
9.502200000000000000e+04
9.502500000000000000e+04
9.502600000000000000e+04
9.502700000000000000e+04
9.503200000000000000e+04
9.503600000000000000e+04
9.503800000000000000e+04
9.504000000000000000e+04
9.504600000000000000e+04
9.504800000000000000e+04
9.504900000000000000e+04
9.505100000000000000e+04
9.505200000000000000e+04
9.505300000000000000e+04
9.505400000000000000e+04
9.505500000000000000e+04
9.505600000000000000e+04
9.505800000000000000e+04
9.506400000000000000e+04
9.506700000000000000e+04
9.507800000000000000e+04
9.508900000000000000e+04
9.510200000000000000e+04
9.510400000000000000e+04
9.510800000000000000e+04
9.512000000000000000e+04
9.513700000000000000e+04
9.513800000000000000e+04
9.540600000000000000e+04
9.542600000000000000e+04
9.542800000000000000e+04
9.543400000000000000e+04
9.543500000000000000e+04
9.543800000000000000e+04
9.544200000000000000e+04
9.546700000000000000e+04
9.555400000000000000e+04
9.555700000000000000e+04
9.555800000000000000e+04
9.556700000000000000e+04
9.556800000000000000e+04
9.557100000000000000e+04
9.557600000000000000e+04
9.558400000000000000e+04
9.559100000000000000e+04
9.559200000000000000e+04
9.559500000000000000e+04
9.560000000000000000e+04
9.560300000000000000e+04
9.560900000000000000e+04
9.562500000000000000e+04
9.562700000000000000e+04
9.563400000000000000e+04
9.564800000000000000e+04
9.565000000000000000e+04
9.569800000000000000e+04
9.570200000000000000e+04
9.571400000000000000e+04
9.572900000000000000e+04
9.586400000000000000e+04
9.586600000000000000e+04
9.587100000000000000e+04
9.587400000000000000e+04
9.588300000000000000e+04
9.588600000000000000e+04
9.589100000000000000e+04
9.589700000000000000e+04
9.590500000000000000e+04
9.590700000000000000e+04
9.590900000000000000e+04
9.591000000000000000e+04
9.591500000000000000e+04
9.591600000000000000e+04
9.591700000000000000e+04
9.591800000000000000e+04
9.593300000000000000e+04
9.594000000000000000e+04
9.594200000000000000e+04
9.600600000000000000e+04
9.601400000000000000e+04
9.602600000000000000e+04
9.603200000000000000e+04
9.603800000000000000e+04
9.604800000000000000e+04
9.607600000000000000e+04
9.608200000000000000e+04
9.611500000000000000e+04
9.612600000000000000e+04
9.612800000000000000e+04
9.613000000000000000e+04
9.613100000000000000e+04
9.613500000000000000e+04
9.613800000000000000e+04
9.614000000000000000e+04
9.615000000000000000e+04
9.615400000000000000e+04
9.615500000000000000e+04
9.616400000000000000e+04
9.616700000000000000e+04
9.617000000000000000e+04
9.617100000000000000e+04
9.617400000000000000e+04
9.618300000000000000e+04
9.619500000000000000e+04
9.619700000000000000e+04
9.645000000000000000e+04
9.645800000000000000e+04
9.649900000000000000e+04
9.653600000000000000e+04
9.654800000000000000e+04
9.659500000000000000e+04
9.665100000000000000e+04
9.666200000000000000e+04
9.667200000000000000e+04
9.667500000000000000e+04
9.667700000000000000e+04
9.667900000000000000e+04
9.668000000000000000e+04
9.668800000000000000e+04
9.668900000000000000e+04
9.669000000000000000e+04
9.670000000000000000e+04
9.670200000000000000e+04
9.670300000000000000e+04
9.670600000000000000e+04
9.670800000000000000e+04
9.673000000000000000e+04
9.679100000000000000e+04
9.679900000000000000e+04
9.680600000000000000e+04
9.680900000000000000e+04
9.681000000000000000e+04
9.681600000000000000e+04
9.682600000000000000e+04
9.682800000000000000e+04
9.685100000000000000e+04
9.685500000000000000e+04
9.689900000000000000e+04
9.690000000000000000e+04
9.690200000000000000e+04
9.691100000000000000e+04
9.691300000000000000e+04
9.691900000000000000e+04
9.692000000000000000e+04
9.692200000000000000e+04
9.692400000000000000e+04
9.693000000000000000e+04
9.693100000000000000e+04
9.693200000000000000e+04
9.693400000000000000e+04
9.693600000000000000e+04
9.694400000000000000e+04
9.694700000000000000e+04
9.696500000000000000e+04
9.698500000000000000e+04
9.698900000000000000e+04
9.699000000000000000e+04
9.699100000000000000e+04
9.699200000000000000e+04
9.699300000000000000e+04
9.699500000000000000e+04
9.700000000000000000e+04
9.700100000000000000e+04
9.700300000000000000e+04
9.700500000000000000e+04
9.700600000000000000e+04
9.702000000000000000e+04
9.702700000000000000e+04
9.704500000000000000e+04
9.704900000000000000e+04
9.705100000000000000e+04
9.716100000000000000e+04
9.716400000000000000e+04
9.718700000000000000e+04
9.718900000000000000e+04
9.719000000000000000e+04
9.724500000000000000e+04
9.727200000000000000e+04
9.754000000000000000e+04
9.801100000000000000e+04
9.801300000000000000e+04
9.802600000000000000e+04
9.803100000000000000e+04
9.803700000000000000e+04
9.804300000000000000e+04
9.804700000000000000e+04
9.805000000000000000e+04
9.805100000000000000e+04
9.805500000000000000e+04
9.805700000000000000e+04
9.806500000000000000e+04
9.814800000000000000e+04
9.815700000000000000e+04
9.816000000000000000e+04
9.816600000000000000e+04
9.817000000000000000e+04
9.817100000000000000e+04
9.817200000000000000e+04
9.819100000000000000e+04
9.822200000000000000e+04
9.822400000000000000e+04
9.822600000000000000e+04
9.822900000000000000e+04
9.825700000000000000e+04
9.827100000000000000e+04
9.827500000000000000e+04
9.828500000000000000e+04
9.829100000000000000e+04
9.830500000000000000e+04
9.830600000000000000e+04
9.831900000000000000e+04
9.834600000000000000e+04
9.835800000000000000e+04
9.837600000000000000e+04
9.839800000000000000e+04
9.839900000000000000e+04
9.840700000000000000e+04
9.841500000000000000e+04
9.842100000000000000e+04
9.847200000000000000e+04
9.852800000000000000e+04
9.857000000000000000e+04
9.857100000000000000e+04
9.859000000000000000e+04
9.862200000000000000e+04
9.867600000000000000e+04
9.869600000000000000e+04
9.877300000000000000e+04
9.890500000000000000e+04
9.891400000000000000e+04
9.894300000000000000e+04
9.894700000000000000e+04
9.940400000000000000e+04
9.941200000000000000e+04
9.941300000000000000e+04
9.941500000000000000e+04
9.941900000000000000e+04
9.942200000000000000e+04
9.943200000000000000e+04
9.943800000000000000e+04
9.944300000000000000e+04
9.944800000000000000e+04
9.946600000000000000e+04
9.952900000000000000e+04
9.955700000000000000e+04
9.960300000000000000e+04
9.961600000000000000e+04
9.962300000000000000e+04
9.962500000000000000e+04
9.962900000000000000e+04
9.963600000000000000e+04
9.963800000000000000e+04
9.964400000000000000e+04
9.964600000000000000e+04
9.965000000000000000e+04
9.965100000000000000e+04
9.965300000000000000e+04
9.966400000000000000e+04
9.966800000000000000e+04
9.967000000000000000e+04
9.967700000000000000e+04
9.968300000000000000e+04
9.968400000000000000e+04
9.968700000000000000e+04
9.969500000000000000e+04
9.970400000000000000e+04
9.970800000000000000e+04
9.971500000000000000e+04
9.972100000000000000e+04
9.976200000000000000e+04
9.976800000000000000e+04
9.977200000000000000e+04
9.977700000000000000e+04
9.979500000000000000e+04
9.979700000000000000e+04
9.980300000000000000e+04
9.983400000000000000e+04
9.984200000000000000e+04
9.985200000000000000e+04
9.985700000000000000e+04
9.987000000000000000e+04
9.987200000000000000e+04
9.987600000000000000e+04
9.989100000000000000e+04
9.989600000000000000e+04
9.989700000000000000e+04
9.989800000000000000e+04
9.990000000000000000e+04
9.990200000000000000e+04
9.990400000000000000e+04
9.991400000000000000e+04
9.991600000000000000e+04
9.993000000000000000e+04
9.993700000000000000e+04
9.994000000000000000e+04
9.994100000000000000e+04
9.994300000000000000e+04
9.994400000000000000e+04
9.994500000000000000e+04
9.995100000000000000e+04
9.995200000000000000e+04
9.995400000000000000e+04
9.995500000000000000e+04
9.995600000000000000e+04
9.995700000000000000e+04
9.996000000000000000e+04
